1 0.033236 0.064983 0.10783 0.38842 0.8139 0.36639 0.12087 0.095801 0.060743 0.089577
1 0.022481 0.056522 0.080513 0.32999 0.84448 0.3765 0.11576 0.071238 0.045427 0.074002
1 0.023843 0.063938 0.07998 0.30245 0.85514 0.37429 0.10795 0.081804 0.057507 0.066801
1 0.04144 0.086925 0.13288 0.36029 0.78652 0.41824 0.14883 0.10058 0.071609 0.11102
1 0.071425 0.11881 0.13582 0.33535 0.78242 0.38044 0.16455 0.1387 0.11914 0.18014
0 0.017205 0.06968 0.072775 0.31967 0.81338 0.44186 0.13285 0.067607 0.051911 0.07501
0 0.018908 0.052582 0.074679 0.32862 0.83492 0.40625 0.11056 0.046699 0.047142 0.067462
0 0.068318 0.13088 0.15004 0.3869 0.75043 0.38627 0.17633 0.11903 0.11852 0.18534
0 0.026151 0.050241 0.07794 0.35871 0.83605 0.36275 0.12406 0.072551 0.070158 0.076863
0 0.044867 0.079057 0.10518 0.324 0.84008 0.35226 0.12891 0.10021 0.069668 0.11982
0 0.033406 0.073299 0.095963 0.3041 0.85344 0.36676 0.11479 0.071461 0.062702 0.082112
0 0.020824 0.061535 0.085096 0.31827 0.84494 0.38745 0.11386 0.05806 0.041426 0.071803
0 0.037829 0.076671 0.1012 0.3345 0.80417 0.42602 0.14691 0.082912 0.066186 0.097655
0 0.044722 0.099384 0.118 0.35018 0.79315 0.39348 0.17382 0.11191 0.087545 0.13136
0 0.017785 0.041011 0.054848 0.29553 0.8868 0.33103 0.072881 0.049705 0.038465 0.04895
0 0.028598 0.07973 0.085636 0.32611 0.83079 0.38827 0.1258 0.088144 0.063497 0.1027
0 0.043306 0.085227 0.094529 0.32544 0.80188 0.41623 0.15185 0.117 0.089444 0.12249
0 0.054188 0.10057 0.12548 0.33022 0.82018 0.36928 0.13667 0.11652 0.081179 0.11937
0 0.054623 0.10329 0.14253 0.34384 0.80719 0.36242 0.14184 0.11414 0.093776 0.15153
0 0.032594 0.059302 0.085011 0.29619 0.87077 0.33928 0.10652 0.071487 0.053558 0.088241
0 0.015768 0.055122 0.064204 0.28499 0.81947 0.47289 0.093003 0.05445 0.042059 0.053176
0 0.057802 0.11299 0.11932 0.34386 0.79272 0.39376 0.15175 0.12353 0.10077 0.13971
0 0.022062 0.065985 0.094489 0.2986 0.84822 0.38417 0.13228 0.075588 0.035982 0.074147
0 0.014172 0.037236 0.057616 0.27303 0.85707 0.41325 0.092797 0.058312 0.035387 0.043974
0 0.035516 0.083939 0.088514 0.33808 0.8162 0.39338 0.15568 0.089901 0.074882 0.10346
